[182 88 159 198 171 13 200 44 241 32 153 209 194 212 10 185 148 232 65 12]
[53 106 25 43 121 19 176 76 84 87 77 24 194 141 70 230 57 84 40 171]
[218 75 146 55 186 204 205 241 156 7 96 202 183 174 196 168 53 144 16 176]
[119 222 104 218 236 216 35 186 187 181 142 219 28 142 20 215 16 110 131 187]
[27 100 83 137 36 115 164 103 208 115 114 212 94 176 90 188 32 49 100 122]
[172 52 120 214 154 60 129 250 98 230 15 92 54 150 22 90 78 94 106 196]
[193 223 217 110 234 140 194 182 39 133 39 91 202 56 172 38 18 86 226 120]
[144 43 163 205 161 136 56 1 89 75 110 27 69 39 144 204 83 148 143 218]
[254 93 187 206 165 206 126 41 136 184 198 155 207 223 222 137 4 170 188 31]
[10 222 124 44 249 127 117 208 9 151 95 77 114 13 31 166 193 159 72 151]
[177 213 120 17 17 216 79 123 63 228 90 8 82 229 151 88 205 122 135 229]
[23 186 7 145 73 157 185 8 67 59 128 243 124 95 188 137 184 112 8 75]
[123 82 0 155 100 253 10 42 73 230 216 169 57 117 48 119 121 43 5 84]
[189 48 122 62 195 41 225 10 44 255 143 184 116 128 130 61 161 20 248 244]
[250 53 225 146 18 30 171 243 218 191 159 94 166 171 219 203 193 7 172 59]
[241 171 214 112 53 142 3 108 49 41 110 102 179 182 108 56 42 192 8 18]
[21 116 189 219 117 199 138 111 210 37 29 97 226 153 59 81 70 32 19 25]
[7 22 217 112 141 50 31 251 106 0 129 134 20 119 158 119 153 37 54 92]
[158 106 85 182 180 86 62 101 42 35 190 157 98 60 165 5 92 53 105 64]
[179 240 199 246 187 118 58 241 190 145 217 231 78 171 254 177 153 220 31 31]
[145 3 42 215 187 203 108 247 40 117 232 232 32 125 207 186 128 23 63 124]
[71 43 7 185 252 242 194 69 30 135 129 233 68 191 95 119 205 132 87 200]
[18 198 252 6 201 154 70 35 117 238 179 244 61 253 131 43 8 202 158 23]
[212 53 166 205 215 134 48 13 255 32 78 231 194 239 148 45 62 144 52 226]
[77 19 75 192 114 33 42 206 45 243 133 218 225 67 19 157 167 78 192 239]
[246 225 18 108 237 235 242 62 20 99 174 231 63 157 240 135 131 100 4 0]
[136 115 9 208 72 190 239 131 173 62 171 242 167 154 100 163 137 171 28 159]
[188 51 234 78 38 229 225 175 20 8 50 20 22 149 97 19 164 101 135 99]
[10 87 203 83 186 89 196 111 196 182 146 82 122 56 168 124 120 216 64 40]
[119 25 161 199 130 161 186 145 192 49 166 130 160 162 248 101 130 9 173 191]
[34 210 0 248 103 13 189 179 226 83 169 14 238 80 152 71 124 149 194 61]
[99 38 103 84 126 124 211 224 70 101 71 134 62 18 7 168 192 192 197 73]
[203 78 82 8 180 205 135 38 139 32 142 73 69 46 214 232 154 104 224 184]
[182 105 46 165 223 146 12 173 105 28 32 49 154 111 255 215 164 167 102 184]
[241 248 54 203 78 166 239 178 160 177 185 159 65 173 139 16 62 255 75 89]
[151 42 103 196 129 146 114 138 52 151 157 154 53 22 76 18 149 64 27 113]
[252 7 77 80 19 2 235 43 147 226 85 71 147 252 175 80 179 191 114 145]
[203 122 29 119 94 128 15 209 238 64 73 247 220 169 224 65 235 155 160 131]
[91 56 76 227 45 140 222 240 43 195 161 57 212 202 192 162 43 176 41 232]
[202 53 18 244 223 169 90 3 22 156 90 103 10 76 145 161 155 48 119 180]
[175 62 19 52 40 185 226 92 85 188 89 254 83 66 72 230 160 192 241 123]
[118 31 34 178 193 89 61 11 184 126 11 96 111 153 11 164 151 71 6 222]
[146 207 206 179 157 87 217 20 237 139 20 208 227 118 67 222 7 151 174 86]
[2 134 221 85 44 155 234 154 105 236 179 117 158 123 148 119 118 53 81 75]
[152 251 196 47 174 220 2 73 35 151 203 89 98 234 58 63 252 10 146 67]
[251 100 67 81 86 13 130 150 254 109 163 50 35 107 31 141 97 178 130 138]
[254 46 244 149 161 21 37 97 87 41 73 120 76 22 191 35 171 178 128 87]
[130 123 252 69 135 8 240 180 66 0 156 156 152 54 247 228 182 85 87 251]
[100 224 149 254 118 63 198 36 24 55 135 83 249 64 38 35 190 169 226 39]
[46 1 225 116 103 137 31 124 147 61 186 160 14 20 89 210 61 179 254 79]
[225 130 45 180 112 230 13 9 10 255 208 149 109 116 60 176 231 205 241 19]
[183 235 108 104 156 3 114 23 7 151 102 253 183 124 59 172 62 81 203 76]
[169 51 73 135 236 231 139 111 232 191 19 14 240 11 116 132 124 29 61 166]
[197 183 109 163 230 8 211 78 219 7 36 76 217 184 117 238 134 144 99 40]
[128 226 138 81 203 194 111 164 189 52 147 140 94 89 59 54 20 111 94 12]
[142 255 238 64 156 98 94 26 45 143 80 51 99 24 64 230 206 29 203 100]
[84 206 185 18 86 232 25 14 71 74 167 82 166 224 101 10 45 245 186 55]
[145 9 200 90 69 183 3 248 127 20 19 164 5 84 154 44 234 154 181 86]
[102 123 229 67 176 34 148 183 98 65 25 173 195 167 37 71 61 243 152 133]
[90 91 15 155 125 63 143 200 76 60 239 143 216 239 170 166 199 13 117 171]
[230 195 221 99 4 40 253 84 131 65 114 184 253 39 53 254 217 65 109 164]
[108 30 103 31 154 245 180 109 156 26 82 6 123 223 14 83 104 86 116 247]
[81 26 65 142 114 89 30 183 227 63 112 63 4 195 250 22 223 108 144 189]
[161 117 84 160 210 177 90 102 76 14 115 144 1 132 84 79 25 231 2 39]
[198 108 101 23 95 236 195 16 59 59 88 123 233 181 178 48 136 156 134 40]
[42 69 147 128 112 158 47 228 172 45 174 87 51 199 50 37 255 108 254 225]
[89 18 154 172 251 108 235 190 44 82 243 14 243 66 66 9 247 37 46 130]
[77 137 210 148 205 76 169 242 202 87 220 36 165 63 251 62 245 48 49 34]
[180 201 109 128 133 77 210 126 118 216 204 158 33 150 14 235 218 82 233 98]
[167 43 32 6 46 194 196 122 178 206 185 122 193 190 232 24 248 182 198 203]
[183 16 60 162 120 167 92 173 143 125 6 90 205 160 194 232 13 160 183 220]
[208 37 96 221 157 125 180 70 118 39 116 91 214 112 30 128 159 252 166 227]
[192 151 99 143 146 222 128 186 141 108 105 107 38 230 230 1 165 246 30 183]
[53 233 149 193 7 167 28 174 184 51 187 59 121 249 245 71 129 179 63 161]
[31 19 98 234 65 209 188 101 190 50 28 10 55 138 32 21 159 154 38 208]
[69 13 222 200 221 32 108 46 42 177 174 234 169 14 133 229 23 83 184 183]
[213 74 208 9 209 121 174 52 102 131 207 195 96 57 121 188 153 51 158 247]
[211 33 214 247 204 249 139 81 84 14 201 217 51 242 8 152 175 59 215 30]
[235 74 195 3 62 138 179 89 30 15 206 250 140 38 206 63 211 109 90 15]
[183 79 94 233 70 20 149 186 92 164 199 42 113 8 162 57 4 194 122 5]
[184 136 178 152 38 187 83 220 83 20 55 231 35 115 131 131 216 51 155 86]
[29 81 60 11 203 227 59 46 116 64 229 225 77 11 34 239 149 201 214 115]
[118 84 111 154 100 30 222 43 234 181 6 185 109 241 104 141 136 158 98 154]
[125 113 22 226 62 254 247 41 44 173 94 111 3 61 154 150 39 8 34 140]
[190 70 26 12 209 253 160 82 166 156 63 217 79 140 245 246 248 106 250 52]
[19 82 36 110 51 39 126 157 60 144 144 164 52 250 114 207 166 83 106 226]
[60 38 223 252 138 46 136 4 223 226 200 161 25 92 250 165 239 109 0 20]
[230 45 127 30 180 61 135 194 2 210 241 100 186 97 41 126 113 190 128 244]
[179 127 109 220 239 173 126 134 87 131 125 49 119 249 239 36 98 249 138 207]
[22 176 107 217 183 56 131 94 45 19 79 232 213 150 233 171 0 134 169 133]
[45 12 138 248 7 239 69 172 23 202 251 41 115 216 102 186 143 56 202 169]
[76 214 109 250 187 217 100 248 198 196 65 75 7 205 180 93 174 105 46 25]
[142 229 28 170 162 194 244 238 46 91 75 126 245 168 157 183 223 16 104 215]
[8 163 82 147 224 159 80 132 148 9 108 28 27 56 25 237 185 223 80 219]
[33 91 180 125 168 250 195 52 43 133 138 195 219 9 176 51 198 196 110 11]
[142 99 253 62 119 121 107 16 37 137 177 186 30 68 65 199 152 46 65 50]
[111 184 74 237 50 250 205 18 153 238 30 119 200 253 43 26 99 82 102 158]
[129 46 212 86 45 50 17 54 58 123 129 58 169 205 44 240 66 182 59 178]
[49 189 155 159 95 123 51 142 65 181 97 131 162 243 0 139 84 29 124 132]
[154 121 190 97 30 2 103 225 217 67 218 7 55 198 197 27 230 120 101 160]